25
         0    270.331    176.975    579.639    918.674    786.724    890.653    370.516    670.894     173.91    998.836    419.553    662.049    376.864    475.961    666.036    443.507    663.691    998.927    943.402    803.056    647.619    596.636    871.729    999.509 
   270.331          0    731.702    196.094    222.274    677.296    881.026    401.285    316.609    748.016    668.269    21.7249    671.958    84.4103    281.586    531.125    729.385    216.825    5.56844    858.711     981.58     110.11    650.849    942.676    588.257 
   176.975    731.702          0    912.971    834.177    220.332     1.9488     962.45    264.224    436.343    133.135    9.86539    150.591     694.11    753.101    212.648    720.668    565.617    12.1347    329.711    171.154    640.424    564.356    807.177     974.28 
   579.639    196.094    912.971          0    292.687    289.403     34.919    647.756    913.605    501.178    912.628    73.9708    648.664    190.908    976.278    898.432    236.365    731.674    727.654     104.19    58.1228    25.0955    379.251    622.389    139.201 
   918.674    222.274    834.177    292.687          0    62.9126     606.22    123.031    29.2607    454.193    437.036    801.113     958.77    349.465    521.972    738.063    221.902    421.067    127.023    195.269    355.958    757.979     286.55    38.0159    749.704 
   786.724    677.296    220.332    289.403    62.9126          0    65.3432    498.732    751.636    568.135    378.362    679.445    40.3977    820.487    909.036    636.126    254.579     168.74    33.5237    174.077    812.696    832.431    842.462    602.866    690.803 
   890.653    881.026     1.9488     34.919     606.22    65.3432          0    121.576    547.468     675.77    209.172    256.495     402.34    66.9547    610.134    960.241    99.7473    308.032    453.205    812.005    205.203    467.934    618.716    347.944    918.672 
   370.516    401.285     962.45    647.756    123.031    498.732    121.576          0    753.277    172.714    890.427    565.735    994.846    292.144    162.942    478.974     346.87    859.369    44.7701    380.331     793.81    100.337    235.236    745.686    470.731 
   670.894    316.609    264.224    913.605    29.2607    751.636    547.468    753.277          0    663.728    619.828    49.3675    726.708    182.444    579.838    270.379     978.97    200.175    890.232    283.161    23.6659    328.055    319.798     400.88    507.453 
    173.91    748.016    436.343    501.178    454.193    568.135     675.77    172.714    663.728          0    477.989    771.041    30.9918    577.203    934.576    324.303    191.196    818.329    592.901     47.604    57.5649     637.91    270.075    867.758    186.131 
   998.836    668.269    133.135    912.628    437.036    378.362    209.172    890.427    619.828    477.989          0     610.64    468.318    68.5395    273.111    950.763    642.698    817.455    894.162    399.625    392.196    419.468    235.612    65.3309     291.83 
   419.553    21.7249    9.86539    73.9708    801.113    679.445    256.495    565.735    49.3675    771.041     610.64          0    867.033    984.077     120.18    60.6608    722.767     878.75     112.83    415.559    476.252    552.879    717.385    337.958    930.817 
   662.049    671.958    150.591    648.664     958.77    40.3977     402.34    994.846    726.708    30.9918    468.318    867.033          0    77.9377    386.702    976.341    973.418    792.538    701.182    744.359    142.951    167.684    261.521    951.646    494.009 
   376.864    84.4103     694.11    190.908    349.465    820.487    66.9547    292.144    182.444    577.203    68.5395    984.077    77.9377          0    294.004    441.906    716.643    846.111    991.688    158.525    174.656    565.343    412.967    856.408    239.369 
   475.961    281.586    753.101    976.278    521.972    909.036    610.134    162.942    579.838    934.576    273.111     120.18    386.702    294.004          0    281.915    68.9161    608.448    605.206    64.1485    400.518    423.568    210.963    373.335    95.1745 
   666.036    531.125    212.648    898.432    738.063    636.126    960.241    478.974    270.379    324.303    950.763    60.6608    976.341    441.906    281.915          0    375.592    70.6836    345.065     483.68    530.205    246.117    803.873    390.909    768.603 
   443.507    729.385    720.668    236.365    221.902    254.579    99.7473     346.87     978.97    191.196    642.698    722.767    973.418    716.643    68.9161    375.592          0    17.9107    503.811    206.218    556.293    145.023     11.001    256.632    714.008 
   663.691    216.825    565.617    731.674    421.067     168.74    308.032    859.369    200.175    818.329    817.455     878.75    792.538    846.111    608.448    70.6836    17.9107          0    512.966    223.146    337.685    336.347    821.792    855.833    559.403 
   998.927    5.56844    12.1347    727.654    127.023    33.5237    453.205    44.7701    890.232    592.901    894.162     112.83    701.182    991.688    605.206    345.065    503.811    512.966          0    476.882    161.937     583.96    618.729     560.96    665.963 
   943.402    858.711    329.711     104.19    195.269    174.077    812.005    380.331    283.161     47.604    399.625    415.559    744.359    158.525    64.1485     483.68    206.218    223.146    476.882          0    220.813    95.6357    134.567    109.223    725.684 
   803.056     981.58    171.154    58.1228    355.958    812.696    205.203     793.81    23.6659    57.5649    392.196    476.252    142.951    174.656    400.518    530.205    556.293    337.685    161.937    220.813          0    960.686    593.088    187.216    860.457 
   647.619     110.11    640.424    25.0955    757.979    832.431    467.934    100.337    328.055     637.91    419.468    552.879    167.684    565.343    423.568    246.117    145.023    336.347     583.96    95.6357    960.686          0    358.927    694.974    297.565 
   596.636    650.849    564.356    379.251     286.55    842.462    618.716    235.236    319.798    270.075    235.612    717.385    261.521    412.967    210.963    803.873     11.001    821.792    618.729    134.567    593.088    358.927          0    356.495    781.423 
   871.729    942.676    807.177    622.389    38.0159    602.866    347.944    745.686     400.88    867.758    65.3309    337.958    951.646    856.408    373.335    390.909    256.632    855.833     560.96    109.223    187.216    694.974    356.495          0     699.74 
   999.509    588.257     974.28    139.201    749.704    690.803    918.672    470.731    507.453    186.131     291.83    930.817    494.009    239.369    95.1745    768.603    714.008    559.403    665.963    725.684    860.457    297.565    781.423     699.74          0 

